160
48.8654476 2.3765221
48.8653202 2.3759679
48.8653175 2.3758729
48.8652641 2.3756074
48.8652056 2.3754317
48.8651059 2.3749127
48.865044 2.3746792
48.8649084 2.3739328
48.8648339 2.3735266
48.8647033 2.3728235
48.8646393 2.3724705
48.8645132 2.3718586
48.8642549 2.3712822
48.8642172 2.3711853
48.863553 2.3717207
48.862617 2.372453
48.8616609 2.3728463
48.8610396 2.3728777
48.8604064 2.3727437
48.8596963 2.372407
48.8580381 2.3716723
48.8579887 2.3715496
48.857818 2.3710384
48.8577012 2.3706771
48.8574317 2.3698456
48.8569914 2.3684416
48.8569375 2.3682508
48.8557594 2.3685362
48.853538 2.3690663
48.8533403 2.3687664
48.8529986 2.3686299
48.8528367 2.368766
48.8527917 2.3689704
48.8528275 2.3692975
48.8522609 2.369556
48.8514245 2.3699234
48.8499225 2.3705765
48.8495088 2.370767
48.8490861 2.3709438
48.8479978 2.3714472
48.8466667 2.3720322
48.8458482 2.3723995
48.8457403 2.3725493
48.8456773 2.3725326
48.8456263 2.372271
48.845514 2.3713392
48.8455148 2.3711489
48.8453907 2.3699868
48.8453798 2.3697872
48.8452385 2.3684342
48.8458378 2.3676281
48.8457137 2.3674154
48.8456372 2.3671906
48.845181 2.3663765
48.843271 2.3687628
48.8429224 2.3693441
48.8416835 2.3709325
48.8403054 2.3727858
48.8382243 2.3749134
48.8380686 2.3750973
48.8348911 2.3788523
48.8330277 2.381266
48.8315211 2.3832723
48.8294774 2.3857164
48.828204 2.3872475
48.8280909 2.387383
48.8257748 2.3903675
48.8262697 2.391502
48.8275131 2.394352
48.8277302 2.395723
48.8293488 2.4014349
48.8306838 2.3994267
48.8316828 2.3978479
48.8324282 2.3996332
48.8331286 2.4015684
48.8333261 2.402168
48.833443 2.4020728
48.834278 2.4044305
48.8344576 2.4047849
48.8348799 2.4054666
48.8347899 2.4056027
48.8353469 2.4065298
48.8348334 2.4079458
48.8349051 2.4082456
48.8344727 2.4095391
48.8340494 2.4105601
48.8339152 2.4113023
48.8345489 2.4122737
48.8347818 2.4123601
48.8378822 2.413511
48.8413015 2.4145092
48.8416157 2.4146133
48.8438252 2.4152949
48.8451058 2.41569
48.846635 2.4159975
48.8487858 2.4164301
48.8492295 2.4163513
48.849593 2.4162868
48.8522625 2.4158128
48.8543773 2.415444
48.855165 2.4153066
48.8552413 2.4152933
48.8556273 2.415226
48.859064 2.4146315
48.8623108 2.4140933
48.8640811 2.4138605
48.8642711 2.4138664
48.8689006 2.4140101
48.872449 2.4136422
48.8725829 2.4136175
48.8731233 2.4134579
48.8722129 2.4123309
48.8721416 2.4121978
48.8710858 2.4109012
48.8710724 2.4107103
48.8706318 2.4107505
48.8705536 2.408891
48.8728453 2.4086135
48.8728364 2.4084499
48.8728365 2.4083544
48.8727737 2.408109
48.8727109 2.407918
48.8723619 2.4066965
48.8718929 2.4050365
48.8717091 2.4044094
48.8716747 2.4037875
48.8715883 2.4020813
48.8712256 2.4008395
48.8710156 2.4001216
48.8707694 2.3992466
48.8707575 2.3991467
48.8705158 2.3982683
48.8702686 2.3975724
48.8701794 2.3968669
48.8700906 2.395947
48.8700896 2.3957284
48.8699678 2.3946885
48.8699577 2.3942742
48.8695886 2.3933675
48.8693109 2.392549
48.8692205 2.3920226
48.8692081 2.3919435
48.8691139 2.3914868
48.8689372 2.3907695
48.8686651 2.3896596
48.8682881 2.3881325
48.8679201 2.3866191
48.8670941 2.3832923
48.8667543 2.3819005
48.8666039 2.3813029
48.8663891 2.3804344
48.8662573 2.3798916
48.8661986 2.3795781
48.8661257 2.3793174
48.8660497 2.3790634
48.8658225 2.3781062
48.8657533 2.3777706
48.8656467 2.3773238
48.865562 2.3770007
48.8654476 2.3765221