331
48.8574422 2.2538993
48.8570386 2.2532095
48.8565783 2.2526144
48.8561069 2.2521578
48.8555558 2.2516516
48.8550979 2.2511823
48.8543717 2.2502719
48.8539308 2.2496585
48.8535714 2.249053
48.8529891 2.2479502
48.8526068 2.2472518
48.8522942 2.2468243
48.8519105 2.2463193
48.8515667 2.2458827
48.8509729 2.2452262
48.850556 2.2447634
48.8500587 2.2442323
48.8493933 2.2435332
48.8488659 2.2429802
48.8487764 2.2430004
48.8486154 2.2428484
48.8484211 2.2427183
48.8484366 2.2421587
48.8482545 2.2418684
48.8477312 2.242464
48.845687 2.2504221
48.8456183 2.2509549
48.8455788 2.2525413
48.8454759 2.2524907
48.8428959 2.2512225
48.8424946 2.2512653
48.8420746 2.2513101
48.8389045 2.251648
48.8349076 2.2550638
48.8348049 2.2551516
48.8340778 2.2613924
48.833896 2.2629529
48.8338957 2.2629548
48.8338992 2.2629746
48.834277 2.2651396
48.83465 2.2672985
48.8345943 2.2676473
48.8346234 2.267865
48.8348088 2.2690881
48.8348808 2.2696685
48.8349165 2.2701271
48.8349402 2.2705476
48.8349746 2.2718499
48.834938 2.2729944
48.8348994 2.2733814
48.8348234 2.2737855
48.8348088 2.2739116
48.8347179 2.27417
48.8345139 2.2747034
48.8343234 2.2750946
48.8339649 2.275849
48.8337335 2.2763474
48.8334765 2.2768343
48.8333858 2.2770886
48.8331475 2.2776654
48.8329841 2.2781161
48.8325559 2.27925
48.8324043 2.2791687
48.8319495 2.280406
48.8319606 2.2804468
48.8342823 2.283912
48.834481 2.28342
48.8349344 2.2821407
48.8352844 2.2809241
48.8357682 2.2812224
48.835982 2.2814135
48.8361178 2.2816863
48.8367017 2.2831952
48.8367769 2.2833452
48.8368634 2.2835954
48.8369351 2.2838196
48.8373997 2.2850115
48.8374832 2.2853311
48.837988 2.28714
48.8381023 2.2875355
48.8382552 2.2881003
48.8384394 2.2888053
48.8384952 2.2890993
48.8385969 2.2894201
48.8387192 2.2895082
48.8392814 2.2898729
48.8395437 2.2900302
48.8398757 2.2902914
48.8400015 2.2903393
48.8406978 2.2909226
48.8408806 2.2911995
48.8410094 2.2914182
48.8412322 2.2918835
48.8415477 2.2925344
48.8420242 2.2935038
48.8423421 2.2941406
48.8426275 2.2947169
48.8428503 2.2950406
48.8429175 2.2951088
48.8430148 2.2951941
48.843463 2.2956262
48.8436302 2.2957947
48.843714 2.2958783
48.8439964 2.2961787
48.8442405 2.2964396
48.844618 2.2969089
48.8449006 2.2972789
48.8449812 2.297404
48.8451107 2.2975315
48.8454397 2.297982
48.8458454 2.2985653
48.8458758 2.2986036
48.8459717 2.2986959
48.8459976 2.2986007
48.8465862 2.2970789
48.8467696 2.296578
48.8469805 2.2960734
48.8471111 2.2957045
48.8473076 2.2952128
48.8474696 2.2947673
48.8477306 2.2941095
48.8478944 2.2936819
48.8480201 2.2934111
48.848271 2.2927673
48.8484323 2.29236
48.8485445 2.2920168
48.8489523 2.2909974
48.8489715 2.2908942
48.8496085 2.2914619
48.8502022 2.2919792
48.8505665 2.2922923
48.8507014 2.292333
48.8498481 2.2950318
48.8489903 2.2977714
48.8491927 2.2980165
48.8493007 2.2981936
48.8495346 2.2985341
48.8499485 2.2991469
48.8502454 2.2995828
48.8505153 2.2999777
48.8510641 2.3007949
48.8511671 2.300821
48.8513022 2.301013
48.8523033 2.3024888
48.8542651 2.3053603
48.8544648 2.3056848
48.8544738 2.3057938
48.8542041 2.3062028
48.8541375 2.3064502
48.8539846 2.309505
48.8572647 2.3098749
48.8580596 2.3099468
48.85994 2.310117
48.8611231 2.3102165
48.8626052 2.3103533
48.8626913 2.3103991
48.8629219 2.3104089
48.8630472 2.3103998
48.8632161 2.3103969
48.8635959 2.3103768
48.8639915 2.3103577
48.8643596 2.3103365
48.8645438 2.3103355
48.8646412 2.3103355
48.8647175 2.3103241
48.8650423 2.3103046
48.86524 2.3102984
48.8657673 2.3102684
48.8666294 2.3102251
48.8669417 2.3102058
48.867382 2.3101873
48.8678798 2.3101643
48.8682216 2.3101505
48.8683083 2.3101413
48.8685348 2.3101267
48.868729 2.3101229
48.8689559 2.3100559
48.8689931 2.3100891
48.8691961 2.3104865
48.8694566 2.3110112
48.8696256 2.3113419
48.8698731 2.3118315
48.8699182 2.3119172
48.8699708 2.312056
48.8701299 2.3123731
48.8703516 2.3128064
48.8704116 2.3128996
48.8704705 2.31289
48.8706606 2.3126729
48.8709042 2.3124523
48.8711832 2.3121981
48.8713438 2.3120421
48.871402 2.3119616
48.8716839 2.3121664
48.8720641 2.3124572
48.8721953 2.312558
48.8722812 2.312285
48.8726452 2.3112227
48.8727367 2.3109893
48.8728252 2.3107394
48.8728496 2.3108138
48.8729303 2.3110341
48.8730313 2.3113524
48.873067 2.3114653
48.873118 2.3116444
48.873166 2.3118233
48.8732911 2.3122699
48.8733988 2.3128953
48.8735075 2.3135171
48.8736438 2.3143205
48.8738175 2.315338
48.8739432 2.3160812
48.8741297 2.3171759
48.8741958 2.3175572
48.8742154 2.3176712
48.8744308 2.3188995
48.8744823 2.3192191
48.8746301 2.3198878
48.8748532 2.3197569
48.8750601 2.319635
48.8754292 2.3191373
48.8758141 2.3186651
48.8761771 2.3182381
48.8765663 2.3177451
48.8770681 2.3171448
48.8776714 2.3163947
48.8782513 2.3156839
48.8786472 2.3152113
48.8792087 2.3145331
48.8793893 2.3143128
48.8798919 2.3136938
48.8800443 2.3135015
48.8804972 2.3129595
48.8808259 2.3125523
48.8808347 2.3126242
48.8810852 2.3146671
48.881151 2.3152127
48.8813054 2.3164804
48.8813825 2.3164531
48.8814633 2.3160304
48.8815533 2.3161394
48.8816583 2.3161394
48.8821311 2.3156015
48.8828876 2.3147637
48.88381 2.3136568
48.8851314 2.3109017
48.8850144 2.3107381
48.885419 2.3103288
48.8859764 2.3095785
48.8868844 2.3083644
48.8875565 2.3074862
48.8878508 2.3071024
48.8877381 2.3061411
48.8876209 2.3051457
48.8875127 2.3041912
48.8874046 2.3033731
48.8872515 2.302555
48.8870714 2.3017369
48.8869268 2.3011833
48.8879395 2.2998713
48.8881309 2.2996713
48.8884652 2.2988085
48.8888595 2.2978501
48.8877662 2.2954908
48.8877077 2.2953408
48.8876897 2.2953272
48.8876357 2.2950681
48.8875547 2.2948227
48.8876176 2.2947272
48.8883573 2.2939896
48.8890897 2.2932426
48.8895967 2.2927528
48.8894535 2.2915387
48.8865715 2.2856605
48.8865705 2.2856592
48.885655 2.2844805
48.8856462 2.2844692
48.8828787 2.2809064
48.8828581 2.2809018
48.881777 2.2806625
48.881737 2.2806536
48.8805192 2.2803841
48.8796916 2.2801894
48.8787021 2.2799624
48.8785431 2.2794299
48.8784848 2.2796384
48.8785235 2.2798542
48.8782114 2.2809747
48.8778127 2.2809899
48.8774214 2.2811726
48.8773076 2.2806565
48.8770415 2.2799157
48.8773064 2.2789742
48.8769425 2.2767415
48.8768842 2.2765841
48.8768133 2.276401
48.8763702 2.2751339
48.8754574 2.2726089
48.8732576 2.2664947
48.8725205 2.2644411
48.872346 2.2639459
48.8710656 2.2604146
48.8706471 2.2592261
48.8705151 2.25941
48.8697323 2.2602677
48.8686633 2.2615824
48.8684808 2.2621971
48.8683775 2.2632484
48.868178 2.2630492
48.8679711 2.2626205
48.8677642 2.2624002
48.8671753 2.2620144
48.8668351 2.2617609
48.8663667 2.2612088
48.8657435 2.2603898
48.8651939 2.2595799
48.8646831 2.2589606
48.8640434 2.2584186
48.8635607 2.2581468
48.8631414 2.2580856
48.8625029 2.2580697
48.8617785 2.2580645
48.8607607 2.257942
48.8598322 2.2577774
48.8591504 2.2577622
48.8588519 2.2578193
48.8585119 2.2579331
48.8583974 2.2566429
48.8581296 2.2556883
48.8578169 2.254749
48.8574422 2.2538993