190
48.8375821 2.3419926
48.837039 2.3419269
48.8364363 2.3418508
48.8358894 2.3417842
48.8358891 2.3417841
48.83536 2.3416971
48.8351477 2.3416578
48.8349775 2.3416352
48.8348114 2.3416014
48.8346784 2.3415755
48.8342495 2.3414933
48.8337231 2.3413928
48.8332728 2.3413141
48.8331709 2.3413027
48.8329885 2.3412547
48.8324581 2.3411711
48.832234 2.3411567
48.8320519 2.3411611
48.831933 2.3411556
48.8320477 2.3407895
48.8327345 2.3382587
48.8330406 2.3371632
48.8333084 2.3362171
48.8330862 2.3360506
48.8329017 2.3359063
48.8319874 2.3353219
48.8316392 2.3351007
48.8313341 2.3348752
48.8309415 2.3346241
48.8304891 2.3343228
48.8303039 2.3341802
48.8302281 2.3338665
48.8301699 2.3338421
48.8298858 2.3339467
48.829761 2.333887
48.829694 2.3338121
48.8293011 2.3335368
48.8289263 2.3332815
48.828739 2.3331166
48.8285959 2.3330197
48.8282487 2.3327789
48.8279072 2.3325934
48.8278157 2.3325095
48.827791 2.3327644
48.8276316 2.3338159
48.827515 2.3346643
48.8274741 2.3349475
48.8274232 2.3352506
48.8271749 2.3369334
48.8267975 2.3394821
48.8266562 2.3404442
48.8264834 2.3416046
48.8262586 2.3415501
48.8261147 2.3414139
48.8260248 2.3412777
48.8254852 2.3407465
48.8248917 2.3401472
48.8246579 2.3399156
48.8244422 2.3379817
48.8242263 2.3360341
48.8240465 2.3360273
48.8236688 2.335789
48.8232192 2.335503
48.8226166 2.3351217
48.8222749 2.3349038
48.8218253 2.3346178
48.8214392 2.3343744
48.8213326 2.334284
48.8212501 2.3342378
48.8213523 2.3336473
48.8216453 2.332449
48.8219043 2.3312865
48.8221149 2.3303026
48.8220304 2.3303487
48.8219391 2.33032
48.8217156 2.3302505
48.8214001 2.3301362
48.8211751 2.3300536
48.820861 2.329924
48.8205099 2.3298279
48.8201045 2.3296986
48.8195974 2.3295539
48.819499 2.3295429
48.8194044 2.3295916
48.8193302 2.3296391
48.8190284 2.3294325
48.8189205 2.3293179
48.8188886 2.3292944
48.8186847 2.3302025
48.8186205 2.3305
48.8182168 2.3323732
48.817415 2.3319512
48.8170393 2.3317535
48.8170382 2.3317529
48.817036 2.3317686
48.8167612 2.333728
48.8163393 2.3417113
48.8160875 2.3430843
48.8155766 2.3444942
48.8155756 2.344497
48.815985 2.3444478
48.8161053 2.3444333
48.8158637 2.3469198
48.8185337 2.3524009
48.8178202 2.3533802
48.8159715 2.3559172
48.8159715 2.3559182
48.8159748 2.356206
48.8160571 2.3634007
48.8160577 2.3634025
48.8163105 2.3642009
48.8172038 2.367022
48.8177304 2.3686852
48.8191288 2.3729404
48.8193271 2.3735463
48.8203028 2.376528
48.8211473 2.3790959
48.8216953 2.3807625
48.8224106 2.3815235
48.8250062 2.3888202
48.8255153 2.3897726
48.8257326 2.3902707
48.8257748 2.3903675
48.8280909 2.387383
48.828204 2.3872475
48.8294774 2.3857164
48.8315211 2.3832723
48.8330277 2.381266
48.8348911 2.3788523
48.8380686 2.3750973
48.8382243 2.3749134
48.8403054 2.3727858
48.8416835 2.3709325
48.8429224 2.3693441
48.843271 2.3687628
48.845181 2.3663765
48.8463661 2.364644
48.847754 2.3624833
48.846863 2.3609456
48.8454652 2.3582329
48.8448379 2.3569836
48.8445161 2.356333
48.843852 2.3550245
48.8437034 2.3550362
48.8436623 2.3547542
48.8436899 2.3536937
48.8436962 2.3531662
48.8437184 2.3527016
48.843856 2.3520949
48.8439846 2.3515157
48.844177 2.3506611
48.844367 2.3498049
48.8443728 2.3492612
48.8445121 2.3492422
48.8444885 2.3486456
48.8444296 2.3481169
48.8445043 2.3477987
48.8445577 2.3476123
48.8448025 2.3466385
48.8450769 2.34555
48.845177 2.3451803
48.8454409 2.3446412
48.8454893 2.3444309
48.8457936 2.343984
48.8459308 2.3436567
48.8460831 2.3429949
48.846127 2.3429725
48.8462886 2.3427158
48.8464312 2.3425644
48.8466779 2.3415992
48.8471204 2.3419353
48.8473556 2.3408844
48.84687 2.3406118
48.8467081 2.3408298
48.8460067 2.341184
48.844316 2.3420286
48.8425983 2.3428868
48.8418699 2.3432546
48.8413483 2.343527
48.8412134 2.3436496
48.840287 2.34602
48.8401566 2.3459723
48.8392528 2.3458018
48.8385334 2.3456655
48.837814 2.3455291
48.8376611 2.3454814
48.8377781 2.3449229
48.8377961 2.3447867
48.8383673 2.3420893
48.8375821 2.3419926