414
48.8579957 2.315188
48.8580865 2.3146045
48.8599744 2.3148098
48.8610103 2.3149212
48.8628611 2.3151432
48.8636848 2.3152383
48.8636571 2.313826
48.8636362 2.3126002
48.8635959 2.3103768
48.8632161 2.3103969
48.8630472 2.3103998
48.8629219 2.3104089
48.8626913 2.3103991
48.8626052 2.3103533
48.8611231 2.3102165
48.85994 2.310117
48.8580596 2.3099468
48.8572647 2.3098749
48.8539846 2.309505
48.8541375 2.3064502
48.8542041 2.3062028
48.8544738 2.3057938
48.8544648 2.3056848
48.8542651 2.3053603
48.8523033 2.3024888
48.8513022 2.301013
48.8511671 2.300821
48.8510641 2.3007949
48.8505153 2.2999777
48.8502454 2.2995828
48.8499485 2.2991469
48.8495346 2.2985341
48.8493007 2.2981936
48.8491927 2.2980165
48.8489903 2.2977714
48.8498481 2.2950318
48.8507014 2.292333
48.8505665 2.2922923
48.8502022 2.2919792
48.8496085 2.2914619
48.8489715 2.2908942
48.8489523 2.2909974
48.8485445 2.2920168
48.8484323 2.29236
48.848271 2.2927673
48.8480201 2.2934111
48.8478944 2.2936819
48.8477306 2.2941095
48.8474696 2.2947673
48.8473076 2.2952128
48.8471111 2.2957045
48.8469805 2.2960734
48.8467696 2.296578
48.8465862 2.2970789
48.8459976 2.2986007
48.8459717 2.2986959
48.8458758 2.2986036
48.8458454 2.2985653
48.8454397 2.297982
48.8451107 2.2975315
48.8449812 2.297404
48.8449006 2.2972789
48.844618 2.2969089
48.8442405 2.2964396
48.8439964 2.2961787
48.843714 2.2958783
48.8436302 2.2957947
48.843463 2.2956262
48.8430148 2.2951941
48.8429175 2.2951088
48.8428503 2.2950406
48.8426275 2.2947169
48.8423421 2.2941406
48.8420242 2.2935038
48.8415477 2.2925344
48.8412322 2.2918835
48.8410094 2.2914182
48.8408806 2.2911995
48.8406978 2.2909226
48.8400015 2.2903393
48.8398757 2.2902914
48.8395437 2.2900302
48.8392814 2.2898729
48.8387192 2.2895082
48.8385969 2.2894201
48.8384952 2.2890993
48.8384394 2.2888053
48.8382552 2.2881003
48.8381023 2.2875355
48.837988 2.28714
48.8374832 2.2853311
48.8373997 2.2850115
48.8369351 2.2838196
48.8368634 2.2835954
48.8367769 2.2833452
48.8367017 2.2831952
48.8361178 2.2816863
48.835982 2.2814135
48.8357682 2.2812224
48.8352844 2.2809241
48.8349344 2.2821407
48.834481 2.28342
48.8342823 2.283912
48.8319606 2.2804468
48.8319495 2.280406
48.8308803 2.2833147
48.829092 2.2875683
48.8290842 2.2875869
48.8290837 2.2875881
48.8283234 2.2893963
48.8271354 2.2922219
48.8271191 2.2922945
48.8270518 2.2925895
48.8270032 2.2928138
48.8269714 2.2929578
48.8269379 2.2931095
48.8269116 2.2932278
48.8268834 2.2933547
48.8268088 2.2936894
48.8267574 2.2939182
48.8266944 2.2941999
48.8266783 2.294271
48.8265904 2.2946611
48.8265391 2.2948906
48.8265222 2.2949648
48.8264962 2.2950819
48.8264954 2.2950849
48.8264849 2.2951329
48.8264778 2.2951649
48.8264662 2.2952141
48.8264567 2.2952578
48.8264509 2.2952835
48.8264432 2.2953185
48.8264381 2.2953411
48.8264349 2.2953561
48.8264292 2.2953814
48.8264245 2.2954025
48.8264181 2.2954321
48.8264163 2.2954397
48.8264105 2.2954654
48.8264078 2.2954774
48.82639 2.2955577
48.8263837 2.2955862
48.8263778 2.2956124
48.8263661 2.2956645
48.8263556 2.2957128
48.8263442 2.2957639
48.8263331 2.2958136
48.8263277 2.2958389
48.8263153 2.2958945
48.8263098 2.2959196
48.8262987 2.2959692
48.8262931 2.2959953
48.8262813 2.296049
48.8262713 2.2960938
48.8262637 2.2961281
48.826258 2.296154
48.8262474 2.2962019
48.8262416 2.2962279
48.8262329 2.296267
48.8262209 2.2963199
48.8262164 2.2963408
48.826207 2.2963829
48.8262018 2.2964065
48.8261987 2.2964207
48.826193 2.2964467
48.8261833 2.2964909
48.8261774 2.2965168
48.8261676 2.2965608
48.8261618 2.2965867
48.826152 2.2966307
48.8261463 2.296657
48.8261434 2.2966705
48.8261362 2.2967027
48.8261318 2.2967221
48.8261257 2.2967479
48.8261121 2.2968083
48.8261064 2.2968353
48.8260948 2.2968868
48.8260555 2.297066
48.8260499 2.2970935
48.8260367 2.2971536
48.8260308 2.2971806
48.8260218 2.2972215
48.8260087 2.2972802
48.8260033 2.2973061
48.825988 2.2973744
48.8259823 2.2974009
48.8259686 2.2974631
48.8259628 2.2974887
48.8259477 2.2975573
48.8259417 2.2975833
48.8259279 2.297646
48.8259221 2.2976724
48.8259201 2.2976816
48.8259149 2.2977059
48.8259042 2.2977552
48.8258837 2.2978524
48.8258544 2.2979857
48.8258474 2.2980143
48.8257629 2.2983988
48.8256893 2.2987329
48.8255865 2.2992047
48.8255741 2.2992636
48.8255178 2.2995195
48.8254476 2.2998388
48.8254043 2.3000386
48.8253732 2.3001828
48.8251322 2.3012963
48.8250405 2.3017201
48.8250231 2.3018043
48.8249684 2.3020403
48.8247473 2.3029925
48.8247012 2.3031988
48.8246075 2.3036224
48.8245475 2.3038954
48.8244868 2.304149
48.8244438 2.3043369
48.824434 2.3043792
48.8244272 2.3044074
48.8243072 2.3049461
48.8242718 2.3050953
48.824225 2.3053046
48.824212 2.3053607
48.8242022 2.3054045
48.8241518 2.3056296
48.8241144 2.3057963
48.8241106 2.3058131
48.8239903 2.3063498
48.8239086 2.3067208
48.8238823 2.3068429
48.8238445 2.307016
48.8238174 2.3071441
48.823758 2.3074118
48.8237366 2.3075088
48.823667 2.3078205
48.8236547 2.307874
48.8235924 2.3081547
48.823581 2.308203
48.8235422 2.3083696
48.8235202 2.308477
48.8235186 2.3084848
48.823517 2.3084908
48.8234639 2.308732
48.8234633 2.3087349
48.8234619 2.3087413
48.8234482 2.3088055
48.8234461 2.3088148
48.8234195 2.3089301
48.823403 2.3090102
48.8233748 2.3091437
48.8233512 2.3092495
48.8232947 2.3095046
48.8232441 2.3097337
48.823231 2.3097949
48.8231718 2.3100631
48.8230994 2.310391
48.8230311 2.3107006
48.8229512 2.3110623
48.8228708 2.3114234
48.8227942 2.3117665
48.8227185 2.3121075
48.8226833 2.3122744
48.822592 2.3126857
48.8224286 2.3134199
48.8223022 2.3139814
48.822261 2.3141665
48.8219444 2.3155899
48.8208812 2.3203856
48.8197696 2.3253714
48.8188886 2.3292944
48.8189205 2.3293179
48.8190284 2.3294325
48.8193302 2.3296391
48.8194044 2.3295916
48.819499 2.3295429
48.8195974 2.3295539
48.8201045 2.3296986
48.8205099 2.3298279
48.820861 2.329924
48.8211751 2.3300536
48.8214001 2.3301362
48.8217156 2.3302505
48.8219391 2.33032
48.8220304 2.3303487
48.8221149 2.3303026
48.8219043 2.3312865
48.8216453 2.332449
48.8213523 2.3336473
48.8212501 2.3342378
48.8213326 2.334284
48.8214392 2.3343744
48.8218253 2.3346178
48.8222749 2.3349038
48.8226166 2.3351217
48.8232192 2.335503
48.8236688 2.335789
48.8240465 2.3360273
48.8242263 2.3360341
48.8244422 2.3379817
48.8246579 2.3399156
48.8248917 2.3401472
48.8254852 2.3407465
48.8260248 2.3412777
48.8261147 2.3414139
48.8262586 2.3415501
48.8264834 2.3416046
48.8266562 2.3404442
48.8267975 2.3394821
48.8271749 2.3369334
48.8274232 2.3352506
48.8274741 2.3349475
48.827515 2.3346643
48.8276316 2.3338159
48.827791 2.3327644
48.8278157 2.3325095
48.8279072 2.3325934
48.8282487 2.3327789
48.8285959 2.3330197
48.828739 2.3331166
48.8289263 2.3332815
48.8293011 2.3335368
48.829694 2.3338121
48.829761 2.333887
48.8298858 2.3339467
48.8301699 2.3338421
48.8302281 2.3338665
48.8303039 2.3341802
48.8304891 2.3343228
48.8309415 2.3346241
48.8313341 2.3348752
48.8316392 2.3351007
48.8319874 2.3353219
48.8329017 2.3359063
48.8330862 2.3360506
48.8333084 2.3362171
48.8330406 2.3371632
48.8327345 2.3382587
48.8320477 2.3407895
48.831933 2.3411556
48.8320519 2.3411611
48.832234 2.3411567
48.8324581 2.3411711
48.8329885 2.3412547
48.8331709 2.3413027
48.8332728 2.3413141
48.8337231 2.3413928
48.8342495 2.3414933
48.8346784 2.3415755
48.8348114 2.3416014
48.8349775 2.3416352
48.8351477 2.3416578
48.83536 2.3416971
48.8358891 2.3417841
48.8358894 2.3417842
48.8364363 2.3418508
48.837039 2.3419269
48.8375821 2.3419926
48.8383673 2.3420893
48.8377961 2.3447867
48.8377781 2.3449229
48.8376611 2.3454814
48.837814 2.3455291
48.8385334 2.3456655
48.8392528 2.3458018
48.8401566 2.3459723
48.840287 2.34602
48.8412134 2.3436496
48.8413483 2.343527
48.8418699 2.3432546
48.8425983 2.3428868
48.844316 2.3420286
48.8460067 2.341184
48.8467081 2.3408298
48.84687 2.3406118
48.8469125 2.3405909
48.8472297 2.3404347
48.8487405 2.3391404
48.8489294 2.3389496
48.8490553 2.338718
48.8491632 2.3384182
48.8492352 2.3380639
48.8492711 2.3372872
48.8492801 2.3367285
48.8492262 2.3354477
48.8490553 2.3346301
48.8489654 2.3340851
48.8486326 2.3324363
48.8484167 2.3316324
48.8484752 2.3316665
48.8489968 2.3317073
48.8493205 2.3317413
48.8502692 2.3318094
48.8513754 2.3320545
48.8514293 2.3319046
48.8522027 2.3319727
48.852441 2.3318637
48.8521396 2.3299832
48.8520497 2.3297106
48.851881 2.3286273
48.8516268 2.3270126
48.851393 2.3267673
48.8512401 2.3265221
48.8502417 2.324124
48.8498414 2.3232793
48.8492253 2.3220668
48.8484247 2.3205273
48.8497323 2.3199224
48.8505337 2.3195488
48.8517115 2.3190033
48.8527348 2.3190779
48.854968 2.3199342
48.8561827 2.3150001
48.8579957 2.315188