178
48.8841533 2.3495187
48.8838655 2.349505
48.8836227 2.3495458
48.8837484 2.351264
48.8840355 2.3553002
48.8840535 2.3555866
48.8826867 2.3548225
48.8825878 2.3547406
48.8815897 2.3541812
48.8805738 2.3524902
48.8804928 2.3524902
48.8802409 2.3536899
48.8799709 2.3546852
48.8797909 2.3559259
48.8795388 2.3571529
48.879368 2.3571392
48.8784778 2.3566889
48.8779473 2.3564296
48.877129 2.3562248
48.8765714 2.3561837
48.8764455 2.3562654
48.8762564 2.3575196
48.8761214 2.3583376
48.875483 2.3578602
48.8750424 2.3575328
48.8748266 2.3573964
48.8737833 2.3583366
48.8720564 2.35989
48.8715527 2.3603396
48.8705543 2.3612252
48.8684855 2.3630781
48.8681439 2.3626144
48.8679461 2.3624508
48.8673434 2.3634592
48.8672174 2.3636636
48.8677568 2.3643727
48.8681343 2.3653952
48.868269 2.3657634
48.8684847 2.3664451
48.8686644 2.3670858
48.8688081 2.3676039
48.8684923 2.3678244
48.8676181 2.3685155
48.8668026 2.3691414
48.866218 2.3696092
48.8658241 2.3698998
48.8649702 2.3705569
48.8647517 2.3707408
48.864267 2.3711145
48.8642172 2.3711853
48.8642549 2.3712822
48.8645132 2.3718586
48.8646393 2.3724705
48.8647033 2.3728235
48.8648339 2.3735266
48.8649084 2.3739328
48.865044 2.3746792
48.8651059 2.3749127
48.8652056 2.3754317
48.8652641 2.3756074
48.8653175 2.3758729
48.8653202 2.3759679
48.8654476 2.3765221
48.865562 2.3770007
48.8656467 2.3773238
48.8657533 2.3777706
48.8658225 2.3781062
48.8660497 2.3790634
48.8661257 2.3793174
48.8661986 2.3795781
48.8662573 2.3798916
48.8663891 2.3804344
48.8666039 2.3813029
48.8667543 2.3819005
48.8670941 2.3832923
48.8679201 2.3866191
48.8682881 2.3881325
48.8686651 2.3896596
48.8689372 2.3907695
48.8691139 2.3914868
48.8692081 2.3919435
48.8692205 2.3920226
48.8693109 2.392549
48.8695886 2.3933675
48.8699577 2.3942742
48.8699678 2.3946885
48.8700896 2.3957284
48.8700906 2.395947
48.8701794 2.3968669
48.8702686 2.3975724
48.8705158 2.3982683
48.8707575 2.3991467
48.8707694 2.3992466
48.8710156 2.4001216
48.8712256 2.4008395
48.8715883 2.4020813
48.8716747 2.4037875
48.8717091 2.4044094
48.8718929 2.4050365
48.8723619 2.4066965
48.8727109 2.407918
48.8727737 2.408109
48.8728365 2.4083544
48.8728364 2.4084499
48.8728453 2.4086135
48.8705536 2.408891
48.8706318 2.4107505
48.8710724 2.4107103
48.8710858 2.4109012
48.8721416 2.4121978
48.8722129 2.4123309
48.8731233 2.4134579
48.8731454 2.4134514
48.8731875 2.413439
48.8763813 2.412496
48.8763911 2.412488
48.8784104 2.4108478
48.880262 2.4093438
48.8812261 2.4046265
48.8821185 2.4026137
48.8826167 2.40149
48.8838119 2.4001072
48.8854156 2.3992131
48.8858518 2.3992095
48.8882288 2.3991897
48.888237 2.3991882
48.8895446 2.3989495
48.890297 2.3988122
48.8913453 2.3986208
48.8946048 2.397771
48.8946696 2.3977311
48.8960302 2.396894
48.8975278 2.3959726
48.8982637 2.3955198
48.9009752 2.3907093
48.9009755 2.3907078
48.9012097 2.389469
48.9012141 2.3894457
48.9021613 2.3844347
48.9020324 2.378394
48.9019151 2.3729103
48.9018602 2.3703464
48.9017969 2.3673953
48.9017648 2.3657554
48.9016928 2.3620878
48.9016928 2.3620868
48.9016372 2.3594612
48.901576 2.356581
48.9014939 2.3520621
48.9014926 2.3519905
48.9003579 2.3522141
48.8984908 2.3525104
48.8984906 2.3525104
48.8982355 2.352536
48.8979757 2.352562
48.8971583 2.3527542
48.895823 2.3529481
48.89512 2.3529513
48.8942086 2.3528696
48.8932209 2.3526643
48.8924871 2.3522784
48.8913713 2.3516899
48.8911962 2.3516586
48.8910619 2.3516172
48.8905775 2.351498
48.890381 2.3514712
48.889102 2.351651
48.8883385 2.3515783
48.8882897 2.351538
48.8881423 2.3514707
48.8872444 2.3510659
48.8867313 2.3507853
48.8859787 2.3501192
48.8859248 2.3500373
48.885637 2.3497782
48.8856011 2.34971
48.8855471 2.34956
48.8841533 2.3495187