253
48.8736438 2.3143205
48.8735075 2.3135171
48.8733988 2.3128953
48.8732911 2.3122699
48.873166 2.3118233
48.873118 2.3116444
48.873067 2.3114653
48.8730313 2.3113524
48.8729303 2.3110341
48.8728496 2.3108138
48.8728252 2.3107394
48.8727367 2.3109893
48.8726452 2.3112227
48.8722812 2.312285
48.8721953 2.312558
48.8720641 2.3124572
48.8716839 2.3121664
48.871402 2.3119616
48.8713438 2.3120421
48.8711832 2.3121981
48.8709042 2.3124523
48.8706606 2.3126729
48.8704705 2.31289
48.8704116 2.3128996
48.8703516 2.3128064
48.8701299 2.3123731
48.8699708 2.312056
48.8699182 2.3119172
48.8690261 2.3147406
48.8688193 2.3146044
48.8685765 2.3148226
48.8684506 2.3149999
48.8683697 2.3151771
48.8683248 2.315368
48.8683159 2.3157633
48.868343 2.3164858
48.8670667 2.3204938
48.8670667 2.3206574
48.8662397 2.3232339
48.8664286 2.3234724
48.8668131 2.3237507
48.8670388 2.3239159
48.8672762 2.3240891
48.867847 2.3245099
48.8679831 2.3246028
48.8681429 2.3247184
48.8685081 2.3249556
48.8687308 2.3251055
48.868882 2.3252074
48.8690123 2.3253013
48.8692365 2.3252185
48.869469 2.325133
48.8695289 2.3255158
48.8695797 2.3258492
48.8696596 2.3263186
48.8699443 2.3279896
48.8699996 2.3283188
48.8708586 2.3333589
48.8709907 2.3341251
48.8714859 2.3370123
48.8715086 2.3371406
48.8716451 2.337154
48.8721158 2.3373247
48.8723528 2.3374182
48.8724794 2.3374573
48.8726928 2.3375342
48.8730101 2.3376511
48.8731592 2.3377079
48.8732569 2.3377312
48.8733395 2.3377608
48.8735205 2.3378304
48.873731 2.337921
48.8738959 2.3379783
48.8740987 2.3380535
48.8742995 2.3381167
48.8743739 2.3381523
48.8744828 2.33819
48.8748451 2.3383232
48.8750289 2.3383837
48.8752227 2.3384667
48.8754447 2.3385496
48.875861 2.3387013
48.8759435 2.3387315
48.8759705 2.3389668
48.8759673 2.3390404
48.8762679 2.3391528
48.8764577 2.3392254
48.8766733 2.3393127
48.8767264 2.3392919
48.876681 2.3394415
48.8766 2.3403141
48.876564 2.3411048
48.8765372 2.3415858
48.87651 2.3424273
48.8765459 2.3430408
48.8765324 2.3440224
48.8765189 2.3443087
48.8765369 2.3443769
48.8765459 2.3444451
48.8765772 2.3460266
48.8764783 2.3462174
48.8765861 2.3467219
48.8767165 2.3472673
48.876703 2.3473286
48.87664 2.3473763
48.8766086 2.3474513
48.8766264 2.3485761
48.8766129 2.3486647
48.877112 2.3489443
48.8774177 2.349108
48.8773547 2.3495852
48.8773007 2.3499124
48.8770937 2.3513984
48.8769857 2.3521891
48.8765446 2.3553929
48.8764905 2.3557883
48.8765714 2.3561837
48.877129 2.3562248
48.8779473 2.3564296
48.8784778 2.3566889
48.879368 2.3571392
48.8795388 2.3571529
48.8797909 2.3559259
48.8799709 2.3546852
48.8802409 2.3536899
48.8804928 2.3524902
48.8805738 2.3524902
48.8815897 2.3541812
48.8825878 2.3547406
48.8826867 2.3548225
48.8840535 2.3555866
48.8840355 2.3553002
48.8837484 2.351264
48.8836227 2.3495458
48.8838655 2.349505
48.8841533 2.3495187
48.8855471 2.34956
48.8856011 2.34971
48.885637 2.3497782
48.8859248 2.3500373
48.8859787 2.3501192
48.8867313 2.3507853
48.8872444 2.3510659
48.8881423 2.3514707
48.8882897 2.351538
48.8883385 2.3515783
48.889102 2.351651
48.890381 2.3514712
48.8905775 2.351498
48.8910619 2.3516172
48.8911962 2.3516586
48.8913713 2.3516899
48.8924871 2.3522784
48.8932209 2.3526643
48.8942086 2.3528696
48.89512 2.3529513
48.895823 2.3529481
48.8971583 2.3527542
48.8979757 2.352562
48.8982355 2.352536
48.8984906 2.3525104
48.8984908 2.3525104
48.9003579 2.3522141
48.9014926 2.3519905
48.9014836 2.3514953
48.901379 2.3464977
48.9013295 2.3440368
48.9012786 2.341506
48.9011786 2.3364672
48.9011464 2.3350866
48.901063 2.3315092
48.9010629 2.3315075
48.9010629 2.3315064
48.9010363 2.3301018
48.9009661 2.3263938
48.9009661 2.3263902
48.9007582 2.3203865
48.9007577 2.3203857
48.9004253 2.3198323
48.8998099 2.3188077
48.8996343 2.3185154
48.8977374 2.3122733
48.896709 2.3095453
48.895938 2.3075002
48.8959281 2.3074794
48.8941074 2.303652
48.8937737 2.3029506
48.8926673 2.300601
48.8917112 2.2985706
48.8898686 2.2950583
48.8895967 2.2927528
48.8890897 2.2932426
48.8883573 2.2939896
48.8876176 2.2947272
48.8875547 2.2948227
48.8876357 2.2950681
48.8876897 2.2953272
48.8877077 2.2953408
48.8877662 2.2954908
48.8888595 2.2978501
48.8884652 2.2988085
48.8881309 2.2996713
48.8879395 2.2998713
48.8869268 2.3011833
48.8870714 2.3017369
48.8872515 2.302555
48.8874046 2.3033731
48.8875127 2.3041912
48.8876209 2.3051457
48.8877381 2.3061411
48.8878508 2.3071024
48.8875565 2.3074862
48.8868844 2.3083644
48.8859764 2.3095785
48.885419 2.3103288
48.8850144 2.3107381
48.8851314 2.3109017
48.88381 2.3136568
48.8828876 2.3147637
48.8821311 2.3156015
48.8816583 2.3161394
48.8815533 2.3161394
48.8814633 2.3160304
48.8813825 2.3164531
48.8813054 2.3164804
48.881151 2.3152127
48.8810852 2.3146671
48.8808347 2.3126242
48.8808259 2.3125523
48.8804972 2.3129595
48.8800443 2.3135015
48.8798919 2.3136938
48.8793893 2.3143128
48.8792087 2.3145331
48.8786472 2.3152113
48.8782513 2.3156839
48.8776714 2.3163947
48.8770681 2.3171448
48.8765663 2.3177451
48.8761771 2.3182381
48.8758141 2.3186651
48.8754292 2.3191373
48.8750601 2.319635
48.8748532 2.3197569
48.8746301 2.3198878
48.8744823 2.3192191
48.8744308 2.3188995
48.8742154 2.3176712
48.8741958 2.3175572
48.8741297 2.3171759
48.8739432 2.3160812
48.8738175 2.315338
48.8736438 2.3143205