267
48.854968 2.3199342
48.8527348 2.3190779
48.8517115 2.3190033
48.8505337 2.3195488
48.8497323 2.3199224
48.8484247 2.3205273
48.8492253 2.3220668
48.8498414 2.3232793
48.8502417 2.324124
48.8512401 2.3265221
48.851393 2.3267673
48.8516268 2.3270126
48.851881 2.3286273
48.8520497 2.3297106
48.8521396 2.3299832
48.852441 2.3318637
48.8522027 2.3319727
48.8514293 2.3319046
48.8513754 2.3320545
48.8502692 2.3318094
48.8493205 2.3317413
48.8489968 2.3317073
48.8484752 2.3316665
48.8484167 2.3316324
48.8486326 2.3324363
48.8489654 2.3340851
48.8490553 2.3346301
48.8492262 2.3354477
48.8492801 2.3367285
48.8492711 2.3372872
48.8492352 2.3380639
48.8491632 2.3384182
48.8490553 2.338718
48.8489294 2.3389496
48.8487405 2.3391404
48.8472297 2.3404347
48.8469125 2.3405909
48.84687 2.3406118
48.8473556 2.3408844
48.8471204 2.3419353
48.8466779 2.3415992
48.8464312 2.3425644
48.8462886 2.3427158
48.846127 2.3429725
48.8460831 2.3429949
48.8459308 2.3436567
48.8457936 2.343984
48.8454893 2.3444309
48.8454409 2.3446412
48.845177 2.3451803
48.8450769 2.34555
48.8448025 2.3466385
48.8445577 2.3476123
48.8445043 2.3477987
48.8444296 2.3481169
48.8444885 2.3486456
48.8445121 2.3492422
48.8443728 2.3492612
48.844367 2.3498049
48.844177 2.3506611
48.8439846 2.3515157
48.843856 2.3520949
48.8437184 2.3527016
48.8436962 2.3531662
48.8436899 2.3536937
48.8436623 2.3547542
48.8437034 2.3550362
48.843852 2.3550245
48.8445161 2.356333
48.8448379 2.3569836
48.8454652 2.3582329
48.846863 2.3609456
48.847754 2.3624833
48.8463661 2.364644
48.845181 2.3663765
48.8456372 2.3671906
48.8457137 2.3674154
48.8458378 2.3676281
48.8452385 2.3684342
48.8453798 2.3697872
48.8453907 2.3699868
48.8455148 2.3711489
48.845514 2.3713392
48.8456263 2.372271
48.8456773 2.3725326
48.8457403 2.3725493
48.8458482 2.3723995
48.8466667 2.3720322
48.8479978 2.3714472
48.8490861 2.3709438
48.8495088 2.370767
48.8499225 2.3705765
48.8514245 2.3699234
48.8522609 2.369556
48.8528275 2.3692975
48.8527917 2.3689704
48.8528367 2.368766
48.8529986 2.3686299
48.8533403 2.3687664
48.853538 2.3690663
48.8557594 2.3685362
48.8569375 2.3682508
48.8569914 2.3684416
48.8574317 2.3698456
48.8577012 2.3706771
48.857818 2.3710384
48.8579887 2.3715496
48.8580381 2.3716723
48.8596963 2.372407
48.8604064 2.3727437
48.8610396 2.3728777
48.8616609 2.3728463
48.862617 2.372453
48.863553 2.3717207
48.8642172 2.3711853
48.864267 2.3711145
48.8647517 2.3707408
48.8649702 2.3705569
48.8658241 2.3698998
48.866218 2.3696092
48.8668026 2.3691414
48.8676181 2.3685155
48.8684923 2.3678244
48.8688081 2.3676039
48.8686644 2.3670858
48.8684847 2.3664451
48.868269 2.3657634
48.8681343 2.3653952
48.8677568 2.3643727
48.8672174 2.3636636
48.8673434 2.3634592
48.8679461 2.3624508
48.8681439 2.3626144
48.8684855 2.3630781
48.8705543 2.3612252
48.8715527 2.3603396
48.8720564 2.35989
48.8737833 2.3583366
48.8748266 2.3573964
48.8750424 2.3575328
48.875483 2.3578602
48.8761214 2.3583376
48.8762564 2.3575196
48.8764455 2.3562654
48.8765714 2.3561837
48.8764905 2.3557883
48.8765446 2.3553929
48.8769857 2.3521891
48.8770937 2.3513984
48.8773007 2.3499124
48.8773547 2.3495852
48.8774177 2.349108
48.877112 2.3489443
48.8766129 2.3486647
48.8766264 2.3485761
48.8766086 2.3474513
48.87664 2.3473763
48.876703 2.3473286
48.8767165 2.3472673
48.8765861 2.3467219
48.8764783 2.3462174
48.8765772 2.3460266
48.8765459 2.3444451
48.8765369 2.3443769
48.8765189 2.3443087
48.8765324 2.3440224
48.8765459 2.3430408
48.87651 2.3424273
48.8765372 2.3415858
48.876564 2.3411048
48.8766 2.3403141
48.876681 2.3394415
48.8767264 2.3392919
48.8766733 2.3393127
48.8764577 2.3392254
48.8762679 2.3391528
48.8759673 2.3390404
48.8759705 2.3389668
48.8759435 2.3387315
48.875861 2.3387013
48.8754447 2.3385496
48.8752227 2.3384667
48.8750289 2.3383837
48.8748451 2.3383232
48.8744828 2.33819
48.8743739 2.3381523
48.8742995 2.3381167
48.8740987 2.3380535
48.8738959 2.3379783
48.873731 2.337921
48.8735205 2.3378304
48.8733395 2.3377608
48.8732569 2.3377312
48.8731592 2.3377079
48.8730101 2.3376511
48.8726928 2.3375342
48.8724794 2.3374573
48.8723528 2.3374182
48.8721158 2.3373247
48.8716451 2.337154
48.8715086 2.3371406
48.8714859 2.3370123
48.8709907 2.3341251
48.8708586 2.3333589
48.8699996 2.3283188
48.8699443 2.3279896
48.8696596 2.3263186
48.8695797 2.3258492
48.8695289 2.3255158
48.869469 2.325133
48.8692365 2.3252185
48.8690123 2.3253013
48.868882 2.3252074
48.8687308 2.3251055
48.8685081 2.3249556
48.8681429 2.3247184
48.8679831 2.3246028
48.867847 2.3245099
48.8672762 2.3240891
48.8670388 2.3239159
48.8668131 2.3237507
48.8664286 2.3234724
48.8662397 2.3232339
48.8670667 2.3206574
48.8670667 2.3204938
48.868343 2.3164858
48.8683159 2.3157633
48.8683248 2.315368
48.8683697 2.3151771
48.8684506 2.3149999
48.8685765 2.3148226
48.8688193 2.3146044
48.8690261 2.3147406
48.8699182 2.3119172
48.8698731 2.3118315
48.8696256 2.3113419
48.8694566 2.3110112
48.8691961 2.3104865
48.8689931 2.3100891
48.8689559 2.3100559
48.868729 2.3101229
48.8685348 2.3101267
48.8683083 2.3101413
48.8682216 2.3101505
48.8678798 2.3101643
48.867382 2.3101873
48.8669417 2.3102058
48.8666294 2.3102251
48.8657673 2.3102684
48.86524 2.3102984
48.8650423 2.3103046
48.8647175 2.3103241
48.8646412 2.3103355
48.8645438 2.3103355
48.8643596 2.3103365
48.8639915 2.3103577
48.8635959 2.3103768
48.8636362 2.3126002
48.8636571 2.313826
48.8636848 2.3152383
48.8628611 2.3151432
48.8610103 2.3149212
48.8599744 2.3148098
48.8580865 2.3146045
48.8579957 2.315188
48.8561827 2.3150001
48.854968 2.3199342